11
Rubus_boninensis   0.0000000 0.2453025 0.2906371 0.2485618 0.2023638 0.2467998 0.3190474 0.3190474 0.3187556 0.3187556 0.3445599 
Prunus_brachypoda  0.2453025 0.0000000 0.2631298 0.1770730 0.1760752 0.1758240 0.2904650 0.2904650 0.3632736 0.3632736 0.4309072 
Prunus_fasciculata 0.2906371 0.2631298 0.0000000 0.0839882 0.1254176 0.0834201 0.1360650 0.1360650 0.1617983 0.1617983 0.2325331 
Prunus_humilis     0.2485618 0.1770730 0.0839882 0.0000000 0.0418023 0.0000010 0.1374549 0.1374549 0.2095492 0.2095492 0.2804807 
Prunus_armeniaca   0.2023638 0.1760752 0.1254176 0.0418023 0.0000000 0.0415196 0.1490084 0.1490084 0.2173443 0.2173443 0.2846225 
Prunus_dictyoneura 0.2467998 0.1758240 0.0834201 0.0000010 0.0415196 0.0000000 0.1364630 0.1364630 0.2080303 0.2080303 0.2784761 
Prunus_cerasifera  0.3190474 0.2904650 0.1360650 0.1374549 0.1490084 0.1364630 0.0000000 0.0000010 0.1061914 0.1061914 0.1288864 
Prunus_domestica   0.3190474 0.2904650 0.1360650 0.1374549 0.1490084 0.1364630 0.0000010 0.0000000 0.1061914 0.1061914 0.1288864 
Prunus_apetala     0.3187556 0.3632736 0.1617983 0.2095492 0.2173443 0.2080303 0.1061914 0.1061914 0.0000000 0.0000010 0.0628423 
Prunus_avium       0.3187556 0.3632736 0.1617983 0.2095492 0.2173443 0.2080303 0.1061914 0.1061914 0.0000010 0.0000000 0.0628423 
Prunus_cerasus     0.3445599 0.4309072 0.2325331 0.2804807 0.2846225 0.2784761 0.1288864 0.1288864 0.0628423 0.0628423 0.0000000 
